0.03 33.3333
33.3333 0.03
0.04 25
25 0.04
0.05 -20
-20 0.05
0.06 16.6667
-16.6667 0.06
0.07 14.2857
14.2857 0.07
0.08 -12.5
-12.5 0.08
0.09 -11.1111
-11.1111 0.09
0.1 10
10 0.1
0.11 -9.09091
-9.09091 0.11
0.12 -8.33333
-8.33333 0.12
0.13 7.69231
-7.69231 0.13
0.14 -7.14286
7.14286 0.14
0.15 6.66667
-6.66667 0.15
0.16 -6.25
6.25 0.16
0.17 5.88235
-5.88235 0.17
0.18 5.55556
-5.55556 0.18
0.19 -5.26316
-5.26316 0.19
0.2 -5
-5 0.2
0.21 -4.7619
4.7619 0.21
0.22 -4.54545
4.54545 0.22
0.23 -4.34783
-4.34783 0.23
0.24 4.16667
-4.16667 0.24
0.25 4
-4 0.25
0.26 -3.84615
-3.84615 0.26
0.27 3.7037
3.7037 0.27
0.28 3.57143
3.57143 0.28
0.29 3.44828
3.44828 0.29
0.3 3.33333
-3.33333 0.3
0.31 3.22581
3.22581 0.31
0.32 -3.125
3.125 0.32
0.33 -3.0303
-3.0303 0.33
0.34 -2.94118
2.94118 0.34
0.35 2.85714
-2.85714 0.35
0.36 2.77778
-2.77778 0.36
0.37 -2.7027
-2.7027 0.37
0.38 -2.63158
2.63158 0.38
0.39 -2.5641
2.5641 0.39
0.4 -2.5
-2.5 0.4
0.41 -2.43902
2.43902 0.41
0.42 -2.38095
-2.38095 0.42
0.43 -2.32558
-2.32558 0.43
0.44 -2.27273
2.27273 0.44
0.45 -2.22222
2.22222 0.45
0.46 2.17391
-2.17391 0.46
0.47 -2.12766
2.12766 0.47
0.48 2.08333
2.08333 0.48
0.49 2.04082
-2.04082 0.49
0.5 2
2 0.5
0.51 -1.96078
-1.96078 0.51
0.52 -1.92308
1.92308 0.52
0.53 -1.88679
1.88679 0.53
0.54 -1.85185
-1.85185 0.54
0.55 1.81818
1.81818 0.55
0.56 -1.78571
-1.78571 0.56
0.57 -1.75439
-1.75439 0.57
0.58 -1.72414
1.72414 0.58
0.59 1.69492
-1.69492 0.59
0.6 1.66667
1.66667 0.6
0.61 1.63934
-1.63934 0.61
0.62 1.6129
1.6129 0.62
0.63 -1.5873
1.5873 0.63
0.64 -1.5625
1.5625 0.64
0.65 1.53846
1.53846 0.65
0.66 1.51515
-1.51515 0.66
0.67 1.49254
1.49254 0.67
0.68 -1.47059
-1.47059 0.68
0.69 -1.44928
1.44928 0.69
0.7 -1.42857
-1.42857 0.7
0.71 1.40845
-1.40845 0.71
0.72 1.38889
-1.38889 0.72
0.73 1.36986
1.36986 0.73
0.74 1.35135
-1.35135 0.74
0.75 -1.33333
1.33333 0.75
0.76 1.31579
1.31579 0.76
0.77 -1.2987
-1.2987 0.77
0.78 1.28205
-1.28205 0.78
0.79 -1.26582
1.26582 0.79
0.8 -1.25
1.25 0.8
0.81 -1.23457
1.23457 0.81
0.82 -1.21951
1.21951 0.82
0.83 1.20482
1.20482 0.83
0.84 1.19048
1.19048 0.84
0.85 1.17647
1.17647 0.85
0.86 1.16279
1.16279 0.86
0.87 -1.14943
1.14943 0.87
0.88 1.13636
1.13636 0.88
0.89 1.1236
-1.1236 0.89
0.9 -1.11111
-1.11111 0.9
0.91 -1.0989
-1.0989 0.91
0.92 1.08696
-1.08696 0.92
0.93 -1.07527
-1.07527 0.93
0.94 1.06383
-1.06383 0.94
0.95 -1.05263
1.05263 0.95
0.96 1.04167
1.04167 0.96
0.97 -1.03093
-1.03093 0.97
0.98 -1.02041
1.02041 0.98
0.99 1.0101
-1.0101 0.99